0.07906311750411987 -0.09342112392187119
-0.06137095391750336 0.08417315036058426
-0.05591065064072609 0.08764442056417465
-0.08117783814668655 0.068204365670681
-0.0945398136973381 0.07925742864608765
-0.0632469579577446 0.03705334663391113
0.08079271018505096 -0.10168028622865677
0.07047916948795319 -0.10191148519515991
-0.07756748795509338 0.0860038623213768
-0.041370660066604614 0.11395078152418137
-0.10177338123321533 0.05377994105219841
-0.08574896305799484 0.06880293786525726
-0.04895748198032379 0.03079010546207428
0.10174447298049927 -0.1144946962594986
-0.03668517619371414 0.01811337284743786
-0.0349421426653862 0.0008841024246066809
0.06328552216291428 -0.08385597914457321
0.12258587032556534 -0.11901547759771347
0.14281094074249268 -0.132849782705307
0.13308390974998474 -0.12450134009122849
0.13799726963043213 -0.09181782603263855
0.14629210531711578 -0.1257079541683197
0.13392038643360138 -0.10638409852981567
0.14977654814720154 -0.09844043850898743
-0.10686842352151871 0.00906242523342371
-0.07936574518680573 0.05053756758570671
-0.08328422904014587 0.09948676079511642
-0.03568022698163986 0.10719586908817291
0.07728321105241776 -0.0909937247633934
-0.11959877610206604 0.05066424235701561
-0.09348606318235397 0.0430762842297554
-0.11786293238401413 0.03858959674835205
-0.06148557737469673 0.11319299042224884
-0.10464244335889816 0.06609833240509033
0.09525657445192337 -0.11717291921377182
0.09778372198343277 -0.11229678988456726
-0.11406275629997253 0.020489264279603958
-0.05531848594546318 0.08238335698843002
-0.0658482238650322 0.08322398364543915
-0.06473129242658615 0.08076561987400055
-0.03282560780644417 0.003356453962624073
0.08415716886520386 -0.09622837603092194
0.09179096668958664 -0.11860266327857971
-0.08866266906261444 0.053222209215164185
-0.027044817805290222 -0.009666654281318188
0.003427018877118826 0.042037203907966614
-0.008831826038658619 -0.02344665303826332
-0.017779994755983353 -0.05072386935353279
0.1010182574391365 -0.057327013462781906
0.06435487419366837 -0.06067845970392227
-0.053223248571157455 0.03485183045268059
0.008973263204097748 0.018929598852992058
0.008744017221033573 -0.003956216387450695
-0.022217808291316032 -0.014987386763095856
-0.0013018876779824495 0.0136933084577322
0.09938894212245941 -0.0957983210682869
0.08492381870746613 -0.08493052423000336
-0.02532840520143509 0.021082421764731407
0.018717821687459946 -0.03146907314658165
0.017609264701604843 0.008459305390715599
0.007504303008317947 -0.06543578952550888
0.00708376057446003 -0.06990933418273926
0.11695951223373413 -0.08870285004377365
0.11014412343502045 -0.0991542786359787
0.10543402284383774 -0.08326351642608643
-0.08212525397539139 0.02243325673043728
-0.03174027428030968 0.03340444341301918
-0.021280642598867416 0.010446377098560333
-0.0014650117373093963 -0.001074954983778298
0.11295868456363678 -0.09514182806015015
0.11037623137235641 -0.0939759910106659
0.007830588147044182 0.00013393687549978495
-0.05388832464814186 0.031059205532073975
0.011699089780449867 -0.017067257314920425
-6.982420745771378e-05 -0.007848372682929039
0.009465350769460201 -0.05183617025613785
0.1053626760840416 -0.05095306411385536
0.09272395074367523 -0.046146273612976074
-0.010113650001585484 -0.045477863401174545
0.015643784776329994 -0.014156688936054707
0.008374588564038277 -0.028908628970384598
0.02233903296291828 -0.016248540952801704
0.002881292486563325 -0.062151744961738586
0.11580989509820938 -0.08576837927103043
0.11040632426738739 -0.04544049873948097
0.0012033965904265642 -0.0812222883105278
0.021271944046020508 -0.06307940930128098
0.014154981821775436 -0.04413555562496185
0.02535971999168396 -0.05733657255768776
0.11112985014915466 -0.0003403479640837759
0.12235132604837418 -0.09080713242292404
0.1201583743095398 -0.05209597945213318
0.020508375018835068 -0.03149842098355293
0.024904733523726463 -0.019203076139092445
0.027774179354310036 -0.047821044921875
0.024663638323545456 -0.018547937273979187
0.013942690566182137 -0.04377796873450279
0.09835092723369598 -0.002713877474889159
0.11271902918815613 -0.016327213495969772
-0.0031216274946928024 -0.0589146688580513
0.027221813797950745 -0.037341631948947906
0.02653574012219906 -0.092693030834198
0.03396670147776604 -0.04366796091198921
0.007170335855334997 -0.12924449145793915
0.10983087122440338 -0.08058193325996399
0.11213304847478867 -0.07309390604496002
0.015471801161766052 -0.013269443064928055
0.006331322714686394 -0.04531757906079292
0.011493136174976826 -0.05426032096147537
0.006107271648943424 -0.05460044741630554
0.02423119731247425 -0.05159114673733711
0.106960229575634 -0.05541810393333435
0.09866113215684891 -0.09259887039661407
0.005985837429761887 -0.0704418271780014
0.013803020119667053 -0.048459045588970184
0.007142538670450449 -0.051469385623931885
0.015580198727548122 -0.026534944772720337
0.016420835629105568 -0.044535111635923386
0.09946876019239426 -0.036168135702610016
0.11237527430057526 -0.09366830438375473
0.001837773248553276 -0.0990925133228302
-0.005815552081912756 -0.027568817138671875
0.0008045225404202938 -0.04437284916639328
0.015076248906552792 -0.05973229184746742
0.008017657324671745 -0.08094073086977005
0.10240420699119568 -0.06890919804573059
0.1117560938000679 -0.07782236486673355
-0.008992684073746204 -0.056447118520736694
-0.0007771793752908707 -0.06641274690628052
-0.013743950985372066 -0.09794700890779495
-0.003920928109437227 -0.05911474674940109
-0.016301948577165604 -0.050365690141916275
0.08805997669696808 -0.08603272587060928
0.10015914589166641 -0.12027757614850998
-0.01300353929400444 0.011392434127628803
0.003274590475484729 -0.02196764200925827
0.003511984134092927 0.0015376937808468938
0.00038715850678272545 -0.044886745512485504
0.0060441321693360806 -0.05822589248418808
0.11257416754961014 -0.07341612130403519
0.10561858117580414 -0.047555770725011826
0.09799592196941376 -0.028983762487769127
-0.030204178765416145 -0.0019903157372027636
-0.039843734353780746 0.08069398254156113
-0.07723832875490189 0.07884164899587631
-0.06587941199541092 0.10413060337305069
0.05005714297294617 -0.025977453216910362
0.053587790578603745 -0.04929116740822792
-0.012990569695830345 0.03596632182598114
-0.07366994023323059 0.12891435623168945
-0.01653771847486496 0.031535591930150986
-0.047026265412569046 0.06920812278985977
-0.006386439781636 0.069577656686306
0.06354546546936035 -0.04892556369304657
0.10550763458013535 -0.06762496381998062
0.008221869356930256 -0.044608864933252335
-0.001844963408075273 -0.06522119790315628
-0.011608177796006203 -0.059136927127838135
-0.003128084819763899 -0.04727649316191673
-0.014405980706214905 -0.07370033115148544
0.02723582088947296 -0.07769530266523361
0.1385699361562729 -0.07574240863323212
-0.07936069369316101 -0.016385523602366447
-0.08383254706859589 0.041267480701208115
-0.08355005085468292 0.07776498049497604
-0.07542794197797775 0.060853321105241776
-0.03453550115227699 0.0024118530564010143
0.07626506686210632 -0.06797429174184799
0.0667581707239151 -0.10545150935649872
-0.09577960520982742 0.05875517800450325
-0.0852976068854332 0.06399594992399216
-0.09104381501674652 0.059898313134908676
-0.09287357330322266 0.08334223181009293
-0.06657780706882477 0.043895699083805084
0.05704672262072563 -0.08047009259462357
0.048797134310007095 -0.04896913841366768
-0.04251915588974953 0.14727269113063812
-0.058805711567401886 0.16344010829925537
-0.07270751148462296 0.1476568579673767
-0.08998846262693405 0.1354321390390396
-0.10232100635766983 0.106248639523983
0.04842052608728409 -0.04364046826958656
0.027670159935951233 0.034499023109674454
-0.07199493795633316 0.12937630712985992
-0.0763290748000145 0.1587439328432083
-0.07166740298271179 0.16471613943576813
-0.04138145223259926 0.14383147656917572
-0.07427524030208588 0.1137479841709137
0.05971880257129669 -0.09670045226812363
0.06101551279425621 -0.08742762356996536
-0.07827138155698776 0.09949801117181778
-0.1084352508187294 0.05903707444667816
-0.07996571063995361 0.10960014164447784
-0.05399683490395546 0.07040044665336609
-0.05977710336446762 0.05963603034615517
0.08313159644603729 -0.0786045491695404
0.08243018388748169 -0.1104278415441513
-0.07426082342863083 0.06775971502065659
-0.1524045169353485 0.05641123279929161
-0.08396632969379425 0.09452565014362335
-0.06791696697473526 0.09334074705839157
-0.05479058623313904 0.06317787617444992
0.08900616317987442 -0.04552492871880531
0.09394118189811707 -0.046544257551431656
-0.06744437664747238 -0.018108217045664787
-0.0375104658305645 -0.029522379860281944
-0.056756291538476944 0.029416443780064583
-0.0803600549697876 0.051352180540561676
-0.04958153888583183 0.031158961355686188
0.0840531587600708 -0.06835930794477463
0.07732147723436356 -0.10900969058275223
-0.071801096200943 0.06552936136722565
-0.09789404273033142 0.07305393368005753
-0.04808701202273369 0.036110784858465195
0.08217452466487885 -0.10419482737779617
0.09050025790929794 -0.09714103490114212
0.09133080393075943 -0.12811994552612305
-0.04665420576930046 0.029004989191889763
-0.0632186159491539 0.060973409563302994
-0.08671002835035324 0.03455119580030441
-0.03898113965988159 0.03432054445147514
-0.030850065872073174 0.04386727884411812
-0.03328955918550491 -0.00802669208496809
0.0927443653345108 -0.038388028740882874
0.11365032941102982 -0.12982916831970215
0.00014070392353460193 -0.04490157961845398
-0.0008000737288966775 -0.03648880496621132
-0.006861375644803047 -0.0027974112890660763
0.00018184326472692192 -0.024580631405115128
-0.0012364276917651296 -0.0570593923330307
0.0979786291718483 -0.08136143535375595
0.09641772508621216 -0.08866424113512039
-0.009763265028595924 0.0067189414985477924
-0.002442172961309552 -0.015717964619398117
-0.0004396863223519176 0.007711181882768869
-0.007205496542155743 -0.0347287543118
0.018969815224409103 -0.02786046266555786
0.08590712398290634 -0.13766628503799438
0.08446664363145828 -0.08767262101173401
0.014214334078133106 -0.010487521067261696
-0.007628151215612888 -0.018104013055562973
0.005080857314169407 -0.05419052019715309
0.11867964267730713 -0.08704741299152374
0.11927178502082825 -0.0075479238294065
0.12075040489435196 -0.07421354204416275
0.11469174921512604 -0.04784142225980759
0.1258050948381424 -0.0335734598338604
0.11318784952163696 -0.024991115555167198
0.1142105758190155 -0.047598544508218765
-0.008242134936153889 -0.08653361350297928
0.015098955482244492 -0.003904456039890647
0.020099246874451637 -0.055564988404512405
0.10993453860282898 -0.08110222965478897
0.00799424946308136 -0.08922730386257172
0.007973439060151577 -0.08937100321054459
0.006780786439776421 -0.04768572747707367
0.015936851501464844 -0.03506266325712204
0.01052743848413229 -0.08363419026136398
0.11132940649986267 -0.08557037264108658
0.1063818633556366 -0.06411106139421463
0.013991308398544788 -0.03753615915775299
0.0056648049503564835 -0.06414656341075897
0.01875191740691662 -0.029003238305449486
0.022641684859991074 -0.032706111669540405
0.010949860326945782 -0.08231673389673233
0.0518866702914238 -0.10557422786951065
0.10631117224693298 -0.08218716084957123
0.014014090411365032 -0.06289663165807724
0.002128491410985589 -0.06933680176734924
0.0016437642043456435 -0.07514898478984833
0.020958172157406807 -0.07792618870735168
0.00023256307758856565 -0.07079752534627914
0.10837625712156296 -0.03557918220758438
0.12758752703666687 -0.12478408217430115
0.010399176739156246 -0.03929249942302704
0.005639628041535616 -0.03499015420675278
0.007839145138859749 -0.013085287064313889
0.007917438633739948 -0.053056344389915466
0.023503119125962257 -0.0237395279109478
0.03287329152226448 -0.09542266279459
0.10344156622886658 -0.06588295847177505
0.013941759243607521 -0.028579123318195343
-0.008194729685783386 -0.026555918157100677
0.0036248662509024143 -0.015085777267813683
-0.010242529213428497 -0.014774682000279427
0.006513433530926704 -0.017720069736242294
0.05731864646077156 -0.04168034717440605
0.09370282292366028 -0.08078008145093918
0.024315357208251953 0.016173528507351875
0.008581714704632759 0.006100044585764408
-0.0011349061969667673 0.01707967184484005
0.018356196582317352 0.005369789898395538
0.009901643730700016 -0.017028113827109337
0.10069862008094788 -0.07647974044084549
0.10709520429372787 -0.08351865410804749
0.009102501906454563 -0.0033020786941051483
0.002603930654004216 -0.003284094389528036
