-0.008285708725452423 -0.001129788695834577 -0.07112673670053482 0.059808723628520966
0.036100246012210846 0.04637479782104492 -0.06709500402212143 -0.03129201754927635
-0.08917686343193054 0.030903540551662445 -0.07046616077423096 -0.023589370772242546
0.013703396543860435 -0.014783878810703754 0.006504256743937731 -0.040801309049129486
-0.04568355157971382 -0.03559610992670059 -0.05849754810333252 0.027519863098859787
0.01000446081161499 0.03248956426978111 -0.005910718813538551 -0.02328328788280487
-0.024860603734850883 -0.005585675593465567 -0.04389113187789917 0.042362842708826065
-0.008605683222413063 -0.04755309596657753 0.08546005189418793 0.03755011782050133
0.06148923188447952 -0.04850675165653229 0.09761485457420349 0.03912751004099846
-0.04643196240067482 0.12432418763637543 -0.11454018205404282 -0.10679006576538086
-0.05778176710009575 -0.002283654408529401 -0.025679446756839752 -0.02660241536796093
-0.019992785528302193 -0.03842128813266754 0.018902605399489403 0.014806789346039295
-0.006838827393949032 0.022749757394194603 -0.04947225749492645 0.03209439292550087
-0.03556736186146736 -0.035852689296007156 0.015795143321156502 0.035982102155685425
0.09807037562131882 -0.019939687103033066 0.10906917601823807 0.09285814315080643
0.01656637154519558 0.03522467985749245 0.032738592475652695 -0.012185410596430302
-0.03544362634420395 0.006465209182351828 -0.03080691769719124 -0.07267925143241882
0.010709998197853565 -0.031541429460048676 -0.05448455736041069 0.031582288444042206
0.0 0.0 0.0 0.0
0.0 0.0 0.0 0.0
0.0 0.0 0.0 0.0
0.0 0.0 0.0 0.0
0.0 0.0 0.0 0.0
